mcl_fieldpts_var: 0.29999999999999999
mgauss_x: 2
mcl_pt2line_var: 60
mgauss_w: 2
mcl_heading_var: 0.32300000000000001
mcl_ptangle_var: 0.40000000000000002
vgauss_y: 3
mgauss_y: 3
mcl_aslow: 0.059999999999999998
useAdaptiveParticle: false
mcl_afast: 0.10000000000000001
vgauss_x: 5
mcl_line2line_var: 0.20000000000000001