mgauss_x: 5
mgauss_y: 4
mgauss_w: 6
vgauss_x: 5
vgauss_y: 6
mcl_vis_var: 0.49299999999999999
mcl_afast: 0.25
mcl_aslow: 0.080000000000000002
mcl_cmps_var: 0.32300000000000001
useAdaptiveParticle: false