mgauss_x: 4
mgauss_y: 3
mgauss_w: 4
vgauss_x: 3
vgauss_y: 3
mcl_vis_var: 0.49299999999999999
mcl_afast: 0.25
mcl_aslow: 0.080000000000000002
mcl_cmps_var: 0.32300000000000001
useAdaptiveParticle: false